Sensitivity = 0.8610207305343137
Specificity = 0.8937188633205722
Accuracy = 0.8898280396753427
Dice = 0.6818126389303374
Jaccars = 0.5702838303781524