Score = 0.3528002431155106
Sensitivity = 0.8844030589938366
Specificity = 0.8862061605016411
Accuracy = 0.8849285670689174
Dice = 0.6680212770417091
Jaccars = 0.5492923324078695