Sensitivity = 0.8222458605910636
Specificity = 0.9858918209482214
Accuracy = 0.9669837173150511
Dice = 0.8239093334467307
Jaccars = 0.7259251313009638