Score = 0.595743979582485
Sensitivity = 0.8506766839705013
Specificity = 0.9818174456591857
Accuracy = 0.9651968041244818
Dice = 0.8238798404343987
Jaccars = 0.7229587706500235