Sensitivity = 0.8093865387428012
Specificity = 0.9752726646490881
Accuracy = 0.92829833984375
Dice = 0.8372720789553703
Jaccars = 0.7533306503319306