Score = 0.6641144618306233
Sensitivity = 0.8303565220757737
Specificity = 0.9732269627415898
Accuracy = 0.9284264882405598
Dice = 0.8418456945214878
Jaccars = 0.7568130980205755