Sensitivity = 0.8522776277523028
Specificity = 0.977011707903625
Accuracy = 0.9634835379464286
Dice = 0.8220812054682379
Jaccars = 0.7216994926225822