Score = 0.5680938736479393
Sensitivity = 0.8756772087471432
Specificity = 0.9719431103342568
Accuracy = 0.9607473879444356
Dice = 0.817209110524387
Jaccars = 0.7131944513999605