Sensitivity = 0.7806844716755871
Specificity = 0.9248034632594464
Accuracy = 0.9091635723503269
Dice = 0.6791505625939585
Jaccars = 0.5746572719345873