Score = 0.38250632037737525
Sensitivity = 0.808071368238811
Specificity = 0.9181889366947189
Accuracy = 0.9049840654645648
Dice = 0.6796684084315994
Jaccars = 0.5665139112064531