Sensitivity = 0.881752122126357
Specificity = 0.9733661294646404
Accuracy = 0.963154851173868
Dice = 0.8236797230185657
Jaccars = 0.7250687180947394