Score = 0.5728903870956543
Sensitivity = 0.9003356192200801
Specificity = 0.9682139001085035
Accuracy = 0.9599621052644691
Dice = 0.8136893586033067
Jaccars = 0.7104123397937723