Sensitivity = 0.8843909006873523
Specificity = 0.9760170569065478
Accuracy = 0.9649991405253507
Dice = 0.827176248991482
Jaccars = 0.7277151742368323