Score = 0.5803589685713613
Sensitivity = 0.9041690309710575
Specificity = 0.9698224231805868
Accuracy = 0.9610877523616869
Dice = 0.813129223718021
Jaccars = 0.7090185918940387