Sensitivity = 0.8723786663649187
Specificity = 0.9724163016367869
Accuracy = 0.960606321996572
Dice = 0.7987115772442787
Jaccars = 0.6935745761891259