Score = 0.5286044711618182
Sensitivity = 0.8915409910014447
Specificity = 0.9655082039451738
Accuracy = 0.9559401687310667
Dice = 0.782456455541903
Jaccars = 0.6688568693359846