Sensitivity = 0.8060128009141377
Specificity = 0.9708664457438779
Accuracy = 0.9197966257731119
Dice = 0.8237056479216398
Jaccars = 0.7350293242165297