Score = 0.6194348689800111
Sensitivity = 0.8193501227750821
Specificity = 0.9690122298322608
Accuracy = 0.9196269226074218
Dice = 0.8243380810493363
Jaccars = 0.734028318014812