Sensitivity = 0.7568346482666982
Specificity = 0.974897934057672
Accuracy = 0.9226199595133463
Dice = 0.8035552562696165
Jaccars = 0.7113905171616136