Score = 0.6310014607499904
Sensitivity = 0.8021656261936114
Specificity = 0.9749149650822528
Accuracy = 0.9244368743896484
Dice = 0.8275064089084881
Jaccars = 0.7393739744945683