Sensitivity = 0.7843798488062358
Specificity = 0.9726774093974583
Accuracy = 0.9257521565755208
Dice = 0.8185523904764255
Jaccars = 0.7307291422677332