Score = 0.6244592361839872
Sensitivity = 0.8050284947064279
Specificity = 0.9699718761072113
Accuracy = 0.9257672882080078
Dice = 0.8244281869097759
Jaccars = 0.7349118826542317