Sensitivity = 0.7862300838971877
Specificity = 0.9881821255372509
Accuracy = 0.9668113552794164
Dice = 0.8093615003596896
Jaccars = 0.71148118541553