Score = 0.5807085762175057
Sensitivity = 0.8206738745075627
Specificity = 0.9844559675844738
Accuracy = 0.9659450297452965
Dice = 0.8181519735987014
Jaccars = 0.7167415604075914