Score = 0.34718634691666206
Sensitivity = 0.8250474092204181
Specificity = 0.899006290758346
Accuracy = 0.893930162702288
Dice = 0.6723522954019393
Jaccars = 0.5539670222972646