Sensitivity = 0.8463972107811154
Specificity = 0.9828167486034518
Accuracy = 0.9686705920161033
Dice = 0.8307198428954227
Jaccars = 0.7348904154272934