Score = 0.5952988543138361
Sensitivity = 0.8747398984703334
Specificity = 0.9770643117950256
Accuracy = 0.9655644163793448
Dice = 0.8245699112126977
Jaccars = 0.7228778083560685