Score = 0.2848540941080443
Sensitivity = 0.874123128457687
Specificity = 0.8566228285143606
Accuracy = 0.8593144319495376
Dice = 0.6356277630559621
Jaccars = 0.5157139367372127