Sensitivity = 0.7887756703269476
Specificity = 0.9774997615865154
Accuracy = 0.9214045969645183
Dice = 0.8251191729332137
Jaccars = 0.7364251249752582