Score = 0.6298101368456246
Sensitivity = 0.805706243348742
Specificity = 0.9757014509103332
Accuracy = 0.9210313415527344
Dice = 0.8299716097496298
Jaccars = 0.7399876734451726