Sensitivity = 0.8168501463907472
Specificity = 0.9690763466666206
Accuracy = 0.9277942148844401
Dice = 0.8361424150492014
Jaccars = 0.7526362317027835