Score = 0.6623288813301564
Sensitivity = 0.8344193995556204
Specificity = 0.9672879174599917
Accuracy = 0.9277808634440105
Dice = 0.8376608079881193
Jaccars = 0.7522987092404495