Score = 0.3478706279460226
Sensitivity = 0.8798299969905049
Specificity = 0.8918076150619045
Accuracy = 0.8886985000298948
Dice = 0.665694540149783
Jaccars = 0.5486006333522006