Sensitivity = 0.8523271429107563
Specificity = 0.9828458477314481
Accuracy = 0.9681255574129066
Dice = 0.8342275549511268
Jaccars = 0.7379386618806254