Score = 0.6138255181735603
Sensitivity = 0.8784024078997372
Specificity = 0.9774534813984791
Accuracy = 0.9649857501594388
Dice = 0.8250076783616933
Jaccars = 0.7236083378023542