Sensitivity = 0.8528715866350305
Specificity = 0.9771301151529989
Accuracy = 0.9624542703433913
Dice = 0.816589172499704
Jaccars = 0.7121296313967038