Score = 0.5422641107421827
Sensitivity = 0.8728928183005914
Specificity = 0.9719387535857948
Accuracy = 0.9592595003089126
Dice = 0.8063659475001344
Jaccars = 0.6969816090499383