Sensitivity = 0.8301835670783796
Specificity = 0.8782600912304933
Accuracy = 0.8765988252600845
Dice = 0.6627240197426787
Jaccars = 0.5538310584847494