Sensitivity = 0.8238812044265322
Specificity = 0.9103834011354861
Accuracy = 0.9023076271524235
Dice = 0.6934099601339407
Jaccars = 0.5856772038939564