Sensitivity = 0.8920032059408713
Specificity = 0.9750800198191906
Accuracy = 0.9635341410734215
Dice = 0.8213593225567596
Jaccars = 0.7181683422395798