Score = 0.5546795406485715
Sensitivity = 0.9080598358855975
Specificity = 0.9694467575982288
Accuracy = 0.9599090887575733
Dice = 0.8050891786960633
Jaccars = 0.6952794894183604