Sensitivity = 0.7325969112083629
Specificity = 0.9695276076370808
Accuracy = 0.9254603068033854
Dice = 0.7773237663842781
Jaccars = 0.6853236809011282