Score = 0.599771302176959
Sensitivity = 0.7859997723204093
Specificity = 0.9701424376440329
Accuracy = 0.9268578847249349
Dice = 0.8138756387447226
Jaccars = 0.7229712008211665