Sensitivity = 0.7925891753905987
Specificity = 0.9659861855785997
Accuracy = 0.9280282084147136
Dice = 0.8199631311514953
Jaccars = 0.728577966593507