Score = 0.6611545098774185
Sensitivity = 0.83643578568427
Specificity = 0.9655405688980534
Accuracy = 0.9286387125651042
Dice = 0.839313974878837
Jaccars = 0.7520561657939534