Sensitivity = 0.8035918230617052
Specificity = 0.9725873720510239
Accuracy = 0.9255623372395834
Dice = 0.8326685058751372
Jaccars = 0.7450742806753139