Score = 0.6436728194148874
Sensitivity = 0.8255352234627064
Specificity = 0.9700614818150829
Accuracy = 0.9256095631917318
Dice = 0.836924987693367
Jaccars = 0.7488682968348148