Sensitivity = 0.8060305762766437
Specificity = 0.9725825853751671
Accuracy = 0.9303085835774739
Dice = 0.8348029932927196
Jaccars = 0.7505080643773813