Score = 0.6657019587291546
Sensitivity = 0.8272221587020566
Specificity = 0.9703387842530591
Accuracy = 0.930727310180664
Dice = 0.840107069012929
Jaccars = 0.7546902285076856