Sensitivity = 0.8993315110830912
Specificity = 0.978788148309631
Accuracy = 0.969547972387197
Dice = 0.8418074460971444
Jaccars = 0.7465497368842022