Score = 0.6185423159987675
Sensitivity = 0.9176303895320098
Specificity = 0.9738239401373653
Accuracy = 0.9665145874023438
Dice = 0.8302801335307773
Jaccars = 0.7299577374760137