Score = 0.32322808469584635
Sensitivity = 0.8303447890742688
Specificity = 0.9080424403466892
Accuracy = 0.8996496395188935
Dice = 0.6639581370791614
Jaccars = 0.5445569177699031