Sensitivity = 0.895845172139242
Specificity = 0.9763149712311967
Accuracy = 0.9664748834103954
Dice = 0.8450609835766841
Jaccars = 0.7527822683462523