Score = 0.618950674903056
Sensitivity = 0.9175095001195724
Specificity = 0.9704881055943771
Accuracy = 0.9629812435227998
Dice = 0.8304812394947527
Jaccars = 0.7323724682219213