Sensitivity = 0.8528432125535697
Specificity = 0.9809122961668896
Accuracy = 0.9673693909937021
Dice = 0.8276212023700653
Jaccars = 0.7321440661621723