Score = 0.6106456514103975
Sensitivity = 0.8782551054329465
Specificity = 0.9768878870901629
Accuracy = 0.965400540098852
Dice = 0.8248693194889526
Jaccars = 0.7257495833035358