Sensitivity = 0.8521331029138774
Specificity = 0.9792054274344465
Accuracy = 0.9622774708027743
Dice = 0.813732620466626
Jaccars = 0.7135952576392346