Score = 0.553550711071148
Sensitivity = 0.8700922171215513
Specificity = 0.9744438092237457
Accuracy = 0.9594703207210619
Dice = 0.8048709089996685
Jaccars = 0.700113487119971