Sensitivity = 0.9034690599792679
Specificity = 0.9691491840447966
Accuracy = 0.9626089602100606
Dice = 0.8281950586310657
Jaccars = 0.7283103749763542