Score = 0.595508456141593
Sensitivity = 0.92864739785249
Specificity = 0.9638629454885812
Accuracy = 0.9596338855976961
Dice = 0.8157193613223584
Jaccars = 0.7109971132874052