Sensitivity = 0.8255390903789844
Specificity = 0.9845164291643489
Accuracy = 0.9641628654635682
Dice = 0.8143015675508499
Jaccars = 0.7126779169146016