Score = 0.5616200248689804
Sensitivity = 0.850237876740764
Specificity = 0.9802979377325083
Accuracy = 0.9621066657864318
Dice = 0.8093756293015811
Jaccars = 0.7038633982638592