Score = 0.34150561399841634
Sensitivity = 0.8246693967330094
Specificity = 0.8786380994951155
Accuracy = 0.8758569055674027
Dice = 0.6502588519563173
Jaccars = 0.5359684193498326