Sensitivity = 0.8333461842285729
Specificity = 0.8858575776630967
Accuracy = 0.8824024589694276
Dice = 0.6703290223556118
Jaccars = 0.5571114371518477