Sensitivity = 0.8378253524179357
Specificity = 0.8380024888481246
Accuracy = 0.8408774551080198
Dice = 0.6174974250054532
Jaccars = 0.5018131164938272