Score = 0.2928809585907808
Sensitivity = 0.8806231054857917
Specificity = 0.8352826584659913
Accuracy = 0.8405634821677694
Dice = 0.6234576148313786
Jaccars = 0.50485333983993