Sensitivity = 0.8980862825849366
Specificity = 0.9725462322514064
Accuracy = 0.9633392801090163
Dice = 0.82893621546153
Jaccars = 0.7303272812047136