Score = 0.5851155537805957
Sensitivity = 0.9133552397922842
Specificity = 0.9676776514333022
Accuracy = 0.9601232567612006
Dice = 0.8166167941598326
Jaccars = 0.7130843279842057