Sensitivity = 0.7630564811458651
Specificity = 0.9031189135032055
Accuracy = 0.8936524683115433
Dice = 0.6497499809851984
Jaccars = 0.5453122159617582