Score = 0.32887047014028276
Sensitivity = 0.8007493444373631
Specificity = 0.8980345753725022
Accuracy = 0.8913497924804688
Dice = 0.6667815261153897
Jaccars = 0.5519377883868599