Sensitivity = 0.891391482190142
Specificity = 0.9763612501633805
Accuracy = 0.966193607875279
Dice = 0.8291259255016138
Jaccars = 0.7294236001999317