Score = 0.5699278900394621
Sensitivity = 0.9108566095724742
Specificity = 0.9702928590451942
Accuracy = 0.9624640795649314
Dice = 0.8145481462736536
Jaccars = 0.7087401288062241