Sensitivity = 0.7934929106762723
Specificity = 0.9083216466800554
Accuracy = 0.8980122780313298
Dice = 0.6446851844119976
Jaccars = 0.5341538572713586