Sensitivity = 0.8361741059612069
Specificity = 0.8666047732384997
Accuracy = 0.8664910452706474
Dice = 0.6476003898822014
Jaccars = 0.5344815949708659