Score = 0.3195199738541713
Sensitivity = 0.8718811129695841
Specificity = 0.8628897769637665
Accuracy = 0.8647819051937181
Dice = 0.645228957725802
Jaccars = 0.5270968400422661