Sensitivity = 0.8765798416671727
Specificity = 0.9792945307320953
Accuracy = 0.9658530877560986
Dice = 0.836180555874042
Jaccars = 0.7409864687556474