Score = 0.5969299514208062
Sensitivity = 0.8978521517580049
Specificity = 0.9750730422388569
Accuracy = 0.963759286063058
Dice = 0.8301471816822815
Jaccars = 0.7296978108617119