Sensitivity = 0.7695255118670857
Specificity = 0.9081207482403865
Accuracy = 0.8988758787816885
Dice = 0.6585650497702584
Jaccars = 0.5530690343186805