Score = 0.35705660652244114
Sensitivity = 0.7946724288296438
Specificity = 0.90409067984447
Accuracy = 0.896740738226443
Dice = 0.666259861072411
Jaccars = 0.5554002116852078