Sensitivity = 0.7995018903622811
Specificity = 0.9655693314024865
Accuracy = 0.9252357737223307
Dice = 0.8234162824267806
Jaccars = 0.7328981638476141