Score = 0.6506925753424295
Sensitivity = 0.8368104066953812
Specificity = 0.9657519530701499
Accuracy = 0.926376953125
Dice = 0.8375655764379377
Jaccars = 0.7503660721258176