Sensitivity = 0.8391251861783091
Specificity = 0.9814416439394048
Accuracy = 0.9669345933563855
Dice = 0.8218179249673204
Jaccars = 0.7227096327214663