Score = 0.6211841565160613
Sensitivity = 0.8813009003600234
Specificity = 0.9773297621711824
Accuracy = 0.9660182096520249
Dice = 0.8282452976559792
Jaccars = 0.7298573825808861