Score = 0.3558543364861722
Sensitivity = 0.7664568359282179
Specificity = 0.9240587922726189
Accuracy = 0.9110474099918288
Dice = 0.6686835911432539
Jaccars = 0.5542784004719141