Sensitivity = 0.856301753827773
Specificity = 0.9790546731729335
Accuracy = 0.9656266193000638
Dice = 0.8331902164810708
Jaccars = 0.7372296727400258