Score = 0.6075648066297126
Sensitivity = 0.8814399262147602
Specificity = 0.9742966363531341
Accuracy = 0.9632178326042331
Dice = 0.8271302194126134
Jaccars = 0.7268956049576123