Sensitivity = 0.8366436758353986
Specificity = 0.9811764494526759
Accuracy = 0.9625265160385443
Dice = 0.8084412373019086
Jaccars = 0.705096402439711