Score = 0.55142798850455
Sensitivity = 0.8635911593278263
Specificity = 0.9765361079308095
Accuracy = 0.9603195190429688
Dice = 0.8025514906028156
Jaccars = 0.6946670230324082