Sensitivity = 0.8099347905623949
Specificity = 0.9817847240967181
Accuracy = 0.9653089095135124
Dice = 0.8143299492193207
Jaccars = 0.7095465529634575