Score = 0.5881621240417403
Sensitivity = 0.8686247681463997
Specificity = 0.9775506227771671
Accuracy = 0.9649265834263393
Dice = 0.8291586666521534
Jaccars = 0.7273830217337707