Sensitivity = 0.8032716518830555
Specificity = 0.9174883752136503
Accuracy = 0.905952687166175
Dice = 0.6728368130787074
Jaccars = 0.5625798851401868