Sensitivity = 0.8690879233676811
Specificity = 0.9807729565014407
Accuracy = 0.9684290204729352
Dice = 0.8392442056365633
Jaccars = 0.7432165586628068