Score = 0.6051879635159934
Sensitivity = 0.8889399187822864
Specificity = 0.9764701942758088
Accuracy = 0.9658667116749043
Dice = 0.8317282198081334
Jaccars = 0.7325040069209757