Sensitivity = 0.8620768291176756
Specificity = 0.9801770944200897
Accuracy = 0.9644326190559231
Dice = 0.8179395536174341
Jaccars = 0.7160242903738944