Score = 0.5493469010980431
Sensitivity = 0.878251873189646
Specificity = 0.975247212477807
Accuracy = 0.9610985736457669
Dice = 0.8052743536708191
Jaccars = 0.6981172860122383