Score = 0.346497281665967
Sensitivity = 0.8182463846983088
Specificity = 0.9290211235445649
Accuracy = 0.915347585872728
Dice = 0.6798503669699544
Jaccars = 0.5607134522599433