Sensitivity = 0.8395697949912994
Specificity = 0.9779259719604132
Accuracy = 0.9650617327008929
Dice = 0.8227258818880759
Jaccars = 0.7216918215776308