Score = 0.6039308134219176
Sensitivity = 0.8930714936026991
Specificity = 0.9728778282879765
Accuracy = 0.9635782047193877
Dice = 0.8326421634746884
Jaccars = 0.7313534215768167