Sensitivity = 0.8361940420960888
Specificity = 0.9340613416119888
Accuracy = 0.9226920458735252
Dice = 0.7180017475632033
Jaccars = 0.611449343501357