Score = 0.4042858952194357
Sensitivity = 0.8553488751948313
Specificity = 0.9250332786256267
Accuracy = 0.9163081110740194
Dice = 0.702100620955786
Jaccars = 0.5889519624753919