Sensitivity = 0.8073697475243347
Specificity = 0.9859832517185994
Accuracy = 0.9637834198620855
Dice = 0.8071143548147551
Jaccars = 0.7026864382751782