Score = 0.5309360684153204
Sensitivity = 0.828464905021504
Specificity = 0.981918171183157
Accuracy = 0.9617058890206474
Dice = 0.8021477904124444
Jaccars = 0.6935083087141152