Sensitivity = 0.8714620703612391
Specificity = 0.9779271050721234
Accuracy = 0.9633627911003269
Dice = 0.826947248706151
Jaccars = 0.7285640018566637