Score = 0.5865795111682679
Sensitivity = 0.890241469145191
Specificity = 0.9736532391897594
Accuracy = 0.9609004429408482
Dice = 0.8191179980314364
Jaccars = 0.7170366810338142