Sensitivity = 0.8064969399711547
Specificity = 0.9288621599800561
Accuracy = 0.9141968707649075
Dice = 0.6816158614753693
Jaccars = 0.5702584635287384