Score = 0.32114319017812876
Sensitivity = 0.8244379048190954
Specificity = 0.9179542382489719
Accuracy = 0.9061445119429608
Dice = 0.6634576996685396
Jaccars = 0.5453981847618693