Sensitivity = 0.764762216703902
Specificity = 0.9812457892149534
Accuracy = 0.9189455668131511
Dice = 0.812324100733789
Jaccars = 0.7228395115506665