Score = 0.6235048814405998
Sensitivity = 0.7839727844569369
Specificity = 0.9794305375335955
Accuracy = 0.919507319132487
Dice = 0.8203194850294896
Jaccars = 0.7303671399530314