Sensitivity = 0.7789707421254737
Specificity = 0.8886268323394488
Accuracy = 0.8780708312988281
Dice = 0.6377836975189293
Jaccars = 0.5365514509547759