Sensitivity = 0.8531349775341966
Specificity = 0.9819058960057391
Accuracy = 0.9664222561583227
Dice = 0.8362263019596592
Jaccars = 0.7371372518154017