Score = 0.6022396757256196
Sensitivity = 0.8899051258170172
Specificity = 0.9772932726059025
Accuracy = 0.9649662874182876
Dice = 0.8324209675285984
Jaccars = 0.7315607871320503