Sensitivity = 0.890659568638107
Specificity = 0.9705921684429211
Accuracy = 0.9596288252849968
Dice = 0.7950067351773445
Jaccars = 0.6879683110756458