Score = 0.48666896259264586
Sensitivity = 0.9055999071955941
Specificity = 0.9631875567889837
Accuracy = 0.954372873111647
Dice = 0.7718296113607973
Jaccars = 0.6575506412150014