Sensitivity = 0.8187808723235643
Specificity = 0.9780935843866739
Accuracy = 0.9635600654446349
Dice = 0.8000732227198025
Jaccars = 0.7003705787608865