Score = 0.5804626407466537
Sensitivity = 0.8747754291927442
Specificity = 0.9734066563340438
Accuracy = 0.9625822573292012
Dice = 0.8211401886608897
Jaccars = 0.7206211843424069