Sensitivity = 0.852626552397644
Specificity = 0.8427139882958045
Accuracy = 0.8470130453304369
Dice = 0.6311073948127537
Jaccars = 0.522474700149513