Sensitivity = 0.7926896276897513
Specificity = 0.8981403183317382
Accuracy = 0.8865664735132334
Dice = 0.6707330977848069
Jaccars = 0.5587408352707891