Score = 0.3672968922015675
Sensitivity = 0.846859024397516
Specificity = 0.8937025979270583
Accuracy = 0.8863527726153938
Dice = 0.6823346522293411
Jaccars = 0.5678285436330338