Sensitivity = 0.7891647744782585
Specificity = 0.9784649151465665
Accuracy = 0.9243841552734375
Dice = 0.8253214350003976
Jaccars = 0.7385506238830959