Score = 0.6350995465412203
Sensitivity = 0.8066364154492546
Specificity = 0.9761924367072504
Accuracy = 0.9244019826253255
Dice = 0.8301174180853639
Jaccars = 0.7415411713592088