Sensitivity = 0.8377113190194151
Specificity = 0.9803147112210865
Accuracy = 0.9619328245824698
Dice = 0.8063361169984242
Jaccars = 0.7036986200512932