Score = 0.526115565448599
Sensitivity = 0.858783905706198
Specificity = 0.9755087253349582
Accuracy = 0.9592213533362564
Dice = 0.7995706350242798
Jaccars = 0.6911379709058699