Sensitivity = 0.8534592056110366
Specificity = 0.8640245676851246
Accuracy = 0.8643880571637835
Dice = 0.6523365441947758
Jaccars = 0.5398769039226132