Score = 0.32096415194359584
Sensitivity = 0.8560011616939187
Specificity = 0.878397654512879
Accuracy = 0.8773044664032605
Dice = 0.6610930611860236
Jaccars = 0.5411554718997087