Sensitivity = 0.8772107732933002
Specificity = 0.9730515093577716
Accuracy = 0.9636231247259646
Dice = 0.8220060790491175
Jaccars = 0.7251735441473494