Score = 0.5974877386780206
Sensitivity = 0.9010423053253513
Specificity = 0.9675117229445648
Accuracy = 0.9603780629683514
Dice = 0.8154745366417311
Jaccars = 0.7119959026631428