Sensitivity = 0.7977742915077686
Specificity = 0.9718726570089093
Accuracy = 0.9273758951822917
Dice = 0.8306591357354339
Jaccars = 0.742572082990794