Score = 0.633110149961185
Sensitivity = 0.8124904678097223
Specificity = 0.9706188512245811
Accuracy = 0.9269124348958333
Dice = 0.8322717896267998
Jaccars = 0.7423323031931166