Sensitivity = 0.7188904089713432
Specificity = 0.9788346015544647
Accuracy = 0.9156392923990886
Dice = 0.7741269733742635
Jaccars = 0.6789914693708562