Score = 0.6136275800963722
Sensitivity = 0.7865438059056945
Specificity = 0.9781434060416785
Accuracy = 0.919121322631836
Dice = 0.820369601679753
Jaccars = 0.7299667891544258