Sensitivity = 0.7999806534531902
Specificity = 0.9361718925138343
Accuracy = 0.9205406344666773
Dice = 0.6929153878028161
Jaccars = 0.5801213503713036