Sensitivity = 0.8456545646412545
Specificity = 0.9696297493683999
Accuracy = 0.9590095987125319
Dice = 0.7982391070696755
Jaccars = 0.6981977350179751