Score = 0.5731184400843627
Sensitivity = 0.8912226445746442
Specificity = 0.9642272507188732
Accuracy = 0.9569906117964764
Dice = 0.8027652417207605
Jaccars = 0.6997651980457522