Sensitivity = 0.7841528511697242
Specificity = 0.9739390628259662
Accuracy = 0.9278301239013672
Dice = 0.825975755640267
Jaccars = 0.7358035842427122