Score = 0.6558681588804289
Sensitivity = 0.8204527704858169
Specificity = 0.9748705597293167
Accuracy = 0.9290276845296224
Dice = 0.8402524317961508
Jaccars = 0.7533790313574863