Sensitivity = 0.7894621015406786
Specificity = 0.9711762126898255
Accuracy = 0.9260706837972005
Dice = 0.8203507047729554
Jaccars = 0.7309288298778317