Score = 0.6226987945982123
Sensitivity = 0.8055423913286018
Specificity = 0.9692645441888351
Accuracy = 0.9256732432047526
Dice = 0.8234379145604152
Jaccars = 0.732758026144786