Score = 0.30287081604612587
Sensitivity = 0.7992569957103516
Specificity = 0.8866570667508525
Accuracy = 0.8827165876116071
Dice = 0.6325057523134306
Jaccars = 0.5156586537344463