Sensitivity = 0.842164529920206
Specificity = 0.9827820079108229
Accuracy = 0.9676846874003507
Dice = 0.8260927322199442
Jaccars = 0.7302202531957586