Score = 0.5840784789673273
Sensitivity = 0.8635626827516137
Specificity = 0.979179129254975
Accuracy = 0.9657859802246094
Dice = 0.8212392748554215
Jaccars = 0.7208706605480037