Sensitivity = 0.8099981870822591
Specificity = 0.9676943166968147
Accuracy = 0.923414306640625
Dice = 0.8283084951455608
Jaccars = 0.740740800779995