Score = 0.6208429958283699
Sensitivity = 0.8288487811731058
Specificity = 0.9652062060773277
Accuracy = 0.9229250081380208
Dice = 0.8283962591696225
Jaccars = 0.7377266044737388