Sensitivity = 0.8924226573592099
Specificity = 0.9697763262504233
Accuracy = 0.9619900450414541
Dice = 0.8223867429995811
Jaccars = 0.7258459082113831