Score = 0.5967432838010955
Sensitivity = 0.9112270476198282
Specificity = 0.9641663685097158
Accuracy = 0.9582527316346461
Dice = 0.8130732180029132
Jaccars = 0.7111516880823491