Sensitivity = 0.7495356983105396
Specificity = 0.891769232104888
Accuracy = 0.8812523666693239
Dice = 0.6179321900137899
Jaccars = 0.5115761925988267