Score = 0.3333965336226236
Sensitivity = 0.8178309097335829
Specificity = 0.887705012117467
Accuracy = 0.8814951838279257
Dice = 0.6536180622841131
Jaccars = 0.5384225119367765