Sensitivity = 0.843365440008129
Specificity = 0.9832987096522917
Accuracy = 0.9696146906638632
Dice = 0.8319836448139692
Jaccars = 0.7367097246073419