Score = 0.6196674256379187
Sensitivity = 0.8695546099570984
Specificity = 0.9790143998555199
Accuracy = 0.967522212437221
Dice = 0.830160616821588
Jaccars = 0.7316106168069341