Sensitivity = 0.8651764114560516
Specificity = 0.9693819635353152
Accuracy = 0.9601150045589525
Dice = 0.8074787164652305
Jaccars = 0.7066599771155634