Score = 0.5964272800467136
Sensitivity = 0.9109749598808823
Specificity = 0.9637180394846396
Accuracy = 0.957545533472178
Dice = 0.8129015995473584
Jaccars = 0.709245727781104