Sensitivity = 0.7175935589235309
Specificity = 0.8875031706045833
Accuracy = 0.873689301159917
Dice = 0.608410975982368
Jaccars = 0.5007264209462485