Score = 0.33456989767938455
Sensitivity = 0.7806068395726042
Specificity = 0.8811127945277722
Accuracy = 0.871857078707948
Dice = 0.6323997241985324
Jaccars = 0.5203770677986705