Sensitivity = 0.7434746494555501
Specificity = 0.9321671424739718
Accuracy = 0.9162483993841677
Dice = 0.6714952847831099
Jaccars = 0.5638215373946707