Sensitivity = 0.8742594636763248
Specificity = 0.9797163304670733
Accuracy = 0.9664270050671636
Dice = 0.8304884349171244
Jaccars = 0.7321635190706609