Score = 0.604201091967554
Sensitivity = 0.8889231798636753
Specificity = 0.9757849823454984
Accuracy = 0.9640998061822386
Dice = 0.8221804660545545
Jaccars = 0.7202931870490225