Sensitivity = 0.7830308264176404
Specificity = 0.9729990178101839
Accuracy = 0.9189081064860026
Dice = 0.8165477754181746
Jaccars = 0.726309857027715