Score = 0.6095004763948966
Sensitivity = 0.8025463718331235
Specificity = 0.9707884226812954
Accuracy = 0.9190794881184896
Dice = 0.8211997788621894
Jaccars = 0.729564291952865