Sensitivity = 0.894361218188441
Specificity = 0.9740557110180696
Accuracy = 0.9641306351642219
Dice = 0.8228226388031227
Jaccars = 0.7203784158417059