Score = 0.5513830371964877
Sensitivity = 0.9138915833442957
Specificity = 0.9677984012762129
Accuracy = 0.9601463006467236
Dice = 0.8054344848175077
Jaccars = 0.6974274795836299