Sensitivity = 0.7933408459047727
Specificity = 0.9150973747489176
Accuracy = 0.9039863275021923
Dice = 0.6643886908818571
Jaccars = 0.55695309352149