Score = 0.35684246792663044
Sensitivity = 0.8152701492357243
Specificity = 0.9082022161152792
Accuracy = 0.8991053834253427
Dice = 0.6577256248840561
Jaccars = 0.544475219780435