Sensitivity = 0.8249532192122385
Specificity = 0.9631172869894243
Accuracy = 0.9255985514322916
Dice = 0.8313247502028025
Jaccars = 0.7457620779357017