Score = 0.6367383170247383
Sensitivity = 0.8428853037337293
Specificity = 0.9596104473784076
Accuracy = 0.924621607462565
Dice = 0.8313631791045984
Jaccars = 0.7430804550834578