Sensitivity = 0.8811236909677016
Specificity = 0.9743347250382693
Accuracy = 0.9641001175860969
Dice = 0.8267458319867655
Jaccars = 0.7313595215067106