Score = 0.6071950231516605
Sensitivity = 0.9037171233382137
Specificity = 0.9694570757279138
Accuracy = 0.9614622933523995
Dice = 0.8201287943838521
Jaccars = 0.7200348465512784