Sensitivity = 0.8498495684025545
Specificity = 0.9788537707930404
Accuracy = 0.9639096941266742
Dice = 0.8221101171798131
Jaccars = 0.7245488165287126