Score = 0.5906624669499649
Sensitivity = 0.8726138197409696
Specificity = 0.9743841389376853
Accuracy = 0.9616105215890067
Dice = 0.8166315017300108
Jaccars = 0.7163362865384152