Sensitivity = 0.9199221209288467
Specificity = 0.9651694000479939
Accuracy = 0.9591890451859455
Dice = 0.8237060505319359
Jaccars = 0.7266066238253307