Score = 0.5751868619145296
Sensitivity = 0.9332059533570386
Specificity = 0.959286743490833
Accuracy = 0.9552416898766343
Dice = 0.8072894458681178
Jaccars = 0.7027946423535321