Sensitivity = 0.7559059895226212
Specificity = 0.9090355815456342
Accuracy = 0.8921938526387118
Dice = 0.6269934651451956
Jaccars = 0.531154562741878