Score = 0.34930289356110894
Sensitivity = 0.7713391509532032
Specificity = 0.9048303817037369
Accuracy = 0.8898745167012118
Dice = 0.6195918907463295
Jaccars = 0.5155191606548744