Sensitivity = 0.7998863584002027
Specificity = 0.8795041320256314
Accuracy = 0.8768566676548549
Dice = 0.6514702159207063
Jaccars = 0.5403590285800255