Score = 0.3656448583501261
Sensitivity = 0.8587763142748138
Specificity = 0.8754016506513574
Accuracy = 0.8762235057597257
Dice = 0.668082233300902
Jaccars = 0.5519305662285808