Sensitivity = 0.7870476809505708
Specificity = 0.9832145949361025
Accuracy = 0.9631051822584502
Dice = 0.7939927383819428
Jaccars = 0.6908243405177701