Score = 0.6033605103567022
Sensitivity = 0.8548031879749486
Specificity = 0.9784203878217057
Accuracy = 0.9632580815529337
Dice = 0.8176823308320915
Jaccars = 0.7170786185623388