Sensitivity = 0.8494626764696667
Specificity = 0.8795894104170442
Accuracy = 0.8803781003368144
Dice = 0.6581168484997117
Jaccars = 0.5424107522580546