Sensitivity = 0.858953167067144
Specificity = 0.829173433989374
Accuracy = 0.8369775888871174
Dice = 0.6297190949236416
Jaccars = 0.5158644459457542