Score = 0.3226967332252654
Sensitivity = 0.8938925068916537
Specificity = 0.8255679137601095
Accuracy = 0.8351962031150351
Dice = 0.6276413610591455
Jaccars = 0.5109010463633304