Sensitivity = 0.7940624904292023
Specificity = 0.973795592390455
Accuracy = 0.9231756083170573
Dice = 0.8210232291072124
Jaccars = 0.7337656218576357