Score = 0.6246867915284032
Sensitivity = 0.8122945114968934
Specificity = 0.9718609756006878
Accuracy = 0.9231466166178386
Dice = 0.8251810197613794
Jaccars = 0.7360821804575987