Sensitivity = 0.8550311639024962
Specificity = 0.9825241071855042
Accuracy = 0.9675398067552217
Dice = 0.8328405837228083
Jaccars = 0.7411172823968831