Score = 0.6315565783866143
Sensitivity = 0.8840343356845347
Specificity = 0.9774813713534952
Accuracy = 0.965045150445432
Dice = 0.8270627048232703
Jaccars = 0.7291694501316097