Score = 0.28751963406547243
Sensitivity = 0.8664826300545158
Specificity = 0.8697320565258001
Accuracy = 0.872834808972417
Dice = 0.6439753925929138
Jaccars = 0.5217329370014284