Sensitivity = 0.849500400151105
Specificity = 0.9792732508227496
Accuracy = 0.9634063876405055
Dice = 0.8218195924271673
Jaccars = 0.7238343109947593