Score = 0.5808307899259203
Sensitivity = 0.8716939863798201
Specificity = 0.9749382470611324
Accuracy = 0.9612019597267618
Dice = 0.8164750637908764
Jaccars = 0.7135428058795591