Score = 0.3938830350628203
Sensitivity = 0.8618867478926865
Specificity = 0.9034440014175495
Accuracy = 0.8984979123485332
Dice = 0.6872267735225678
Jaccars = 0.5742666505411697