Sensitivity = 0.8663088249950723
Specificity = 0.979981406068942
Accuracy = 0.9641233950245137
Dice = 0.826399540546647
Jaccars = 0.7280594676515382