Score = 0.578150567038902
Sensitivity = 0.8824618211482236
Specificity = 0.9758249356634585
Accuracy = 0.9616106772909359
Dice = 0.8162059890705914
Jaccars = 0.713140204542573