Sensitivity = 0.7655773210330034
Specificity = 0.9715434981533664
Accuracy = 0.9230037689208984
Dice = 0.8073650235848159
Jaccars = 0.7134721239814084