Score = 0.6264894381439193
Sensitivity = 0.8060443757414534
Specificity = 0.972148272319273
Accuracy = 0.9242731475830078
Dice = 0.8240022627317842
Jaccars = 0.7341003872660905