Sensitivity = 0.884269120113875
Specificity = 0.9711016637691656
Accuracy = 0.9612380825743383
Dice = 0.8186401465884794
Jaccars = 0.7222357764783884