Score = 0.6047617431230963
Sensitivity = 0.9036795148044449
Specificity = 0.9665048090788838
Accuracy = 0.958476397455955
Dice = 0.8128962775053514
Jaccars = 0.7126753014646093