Sensitivity = 0.8913075985582226
Specificity = 0.9741451566963366
Accuracy = 0.9654134633589764
Dice = 0.8303285749223013
Jaccars = 0.7311319931751654