Score = 0.584787949472424
Sensitivity = 0.9077806634043549
Specificity = 0.9690288052630417
Accuracy = 0.9619809364785954
Dice = 0.8190127362264467
Jaccars = 0.7148601195596772