Sensitivity = 0.8373469652232035
Specificity = 0.9816145927017863
Accuracy = 0.9647323452696508
Dice = 0.8235835981900956
Jaccars = 0.7237302776198968