Score = 0.5700216450218261
Sensitivity = 0.857731327313381
Specificity = 0.9780550796644069
Accuracy = 0.9631273697833626
Dice = 0.8214617117862376
Jaccars = 0.7186667682465416