Sensitivity = 0.7783409063698045
Specificity = 0.8805147828547186
Accuracy = 0.8611270359584263
Dice = 0.5739874105743931
Jaccars = 0.45080521911144517