Score = 0.15541050280379584
Sensitivity = 0.785572852400417
Specificity = 0.8805362928529405
Accuracy = 0.8609550631776148
Dice = 0.5493645983893326
Jaccars = 0.41766067054645045