Sensitivity = 0.7662301808209545
Specificity = 0.9720195533840111
Accuracy = 0.9266100056966146
Dice = 0.8096784576549136
Jaccars = 0.7166346262966077