Score = 0.639234268012278
Sensitivity = 0.8138169282506715
Specificity = 0.9722339742821441
Accuracy = 0.9282045491536458
Dice = 0.8347072294708533
Jaccars = 0.7459979806433448