Sensitivity = 0.8110229698977149
Specificity = 0.9848142608310663
Accuracy = 0.9665290676817602
Dice = 0.8164640330580274
Jaccars = 0.717739545407023