Score = 0.6358144214459439
Sensitivity = 0.8548702801327324
Specificity = 0.9816515426031647
Accuracy = 0.9663833306760204
Dice = 0.8281297822072249
Jaccars = 0.7312103718643608