Sensitivity = 0.8286778252820861
Specificity = 0.9825070934509564
Accuracy = 0.9640024924764827
Dice = 0.811080780538538
Jaccars = 0.7074182571925176