Score = 0.5545221089425075
Sensitivity = 0.8569424012161194
Specificity = 0.9766075534268757
Accuracy = 0.9609181929607781
Dice = 0.8008378753245683
Jaccars = 0.6909644145386772