Sensitivity = 0.8274983043824098
Specificity = 0.9826500891768661
Accuracy = 0.9652305914431202
Dice = 0.8140046777707624
Jaccars = 0.7124687000210306