Score = 0.5531048914290768
Sensitivity = 0.856428111345404
Specificity = 0.9778527565676868
Accuracy = 0.9628756776147959
Dice = 0.8095757130196111
Jaccars = 0.7032020535546073