Sensitivity = 0.889265420556686
Specificity = 0.9712052394775148
Accuracy = 0.9606626860949458
Dice = 0.811226986142828
Jaccars = 0.7079853789720678