Score = 0.5343581114588398
Sensitivity = 0.9048677010957118
Specificity = 0.9657927279778274
Accuracy = 0.9572535923549107
Dice = 0.7986354677586666
Jaccars = 0.6895182302612607