Sensitivity = 0.7609858891299685
Specificity = 0.9761368193908155
Accuracy = 0.9186929066975912
Dice = 0.7995127907303796
Jaccars = 0.7101333041369546