Score = 0.601949010245046
Sensitivity = 0.780513698551788
Specificity = 0.9737766998256382
Accuracy = 0.918433583577474
Dice = 0.8064798173018168
Jaccars = 0.71495591456743