Sensitivity = 0.7715491909284041
Specificity = 0.9094148080959019
Accuracy = 0.8934550382653061
Dice = 0.6371849304980617
Jaccars = 0.5307660438951672