Score = 0.32478112083763383
Sensitivity = 0.7944997596049412
Specificity = 0.9023752449848151
Accuracy = 0.8886609758649554
Dice = 0.6334294740361011
Jaccars = 0.5196840563184153