Sensitivity = 0.8471989917509348
Specificity = 0.9810247907225887
Accuracy = 0.9642908524493782
Dice = 0.8181656736365936
Jaccars = 0.7194210448543316