Score = 0.5729049609576844
Sensitivity = 0.862653591647718
Specificity = 0.9764236721277535
Accuracy = 0.9612072535923549
Dice = 0.8080491928651232
Jaccars = 0.7050382618766063