Sensitivity = 0.8405376775277805
Specificity = 0.9268077183067763
Accuracy = 0.9158213089923469
Dice = 0.6985539633914428
Jaccars = 0.5889438109990583