Sensitivity = 0.7828567737704464
Specificity = 0.910040332503707
Accuracy = 0.8984592982700893
Dice = 0.6607766750578108
Jaccars = 0.5528895425835307