Score = 0.3572169666517023
Sensitivity = 0.806397887591111
Specificity = 0.9045101936835362
Accuracy = 0.8952360347825654
Dice = 0.6594912809137352
Jaccars = 0.542772377830936