Score = 0.36971095481461963
Sensitivity = 0.8595450503482607
Specificity = 0.9183514606799147
Accuracy = 0.9099866905990912
Dice = 0.6859918152667963
Jaccars = 0.5702272250371536