Sensitivity = 0.8062381745459529
Specificity = 0.9765250940953716
Accuracy = 0.9307354990641276
Dice = 0.8390161054320003
Jaccars = 0.7547162231136082