Score = 0.6654662064730554
Sensitivity = 0.8271267878095659
Specificity = 0.9748296774653553
Accuracy = 0.9315380096435547
Dice = 0.844681369334851
Jaccars = 0.7600388556070978