Score = 0.30399500670881274
Sensitivity = 0.8432888702535293
Specificity = 0.9031812953265183
Accuracy = 0.8998525969836176
Dice = 0.6619130910899171
Jaccars = 0.5386873267354719