Sensitivity = 0.775128804093125
Specificity = 0.9777393142095392
Accuracy = 0.9217952982584635
Dice = 0.8146423688061405
Jaccars = 0.7247789623553739