Score = 0.609780250286538
Sensitivity = 0.794198450210558
Specificity = 0.9755953509218015
Accuracy = 0.9217761484781901
Dice = 0.8211970371355829
Jaccars = 0.7285518655236556