Sensitivity = 0.8239367080017321
Specificity = 0.9641043138560796
Accuracy = 0.9281248474121093
Dice = 0.8393919686777408
Jaccars = 0.754914747116697