Score = 0.6652195710753586
Sensitivity = 0.8449838008940779
Specificity = 0.9614883164429936
Accuracy = 0.9279956563313803
Dice = 0.8421820761364446
Jaccars = 0.7566592713615214