Sensitivity = 0.7980922131043577
Specificity = 0.9721426649454935
Accuracy = 0.9239635467529297
Dice = 0.8239676251628357
Jaccars = 0.7390644967900639