Score = 0.6496447856231071
Sensitivity = 0.8201704982966281
Specificity = 0.9693717590938976
Accuracy = 0.9235043334960937
Dice = 0.8284465568989896
Jaccars = 0.7416114640430199