Sensitivity = 0.8678151268266201
Specificity = 0.9763135723046933
Accuracy = 0.9652087153220663
Dice = 0.8296217141660659
Jaccars = 0.730222624829808