Score = 0.6058795533007517
Sensitivity = 0.8851230369335511
Specificity = 0.9715370816168236
Accuracy = 0.9621701143225845
Dice = 0.8221552707179572
Jaccars = 0.7195125995756295