Sensitivity = 0.7302850312838407
Specificity = 0.9762916567325097
Accuracy = 0.9223237864176432
Dice = 0.7882037332130515
Jaccars = 0.6923546435657671