Score = 0.6275773832723229
Sensitivity = 0.7812999621120507
Specificity = 0.9764468991580835
Accuracy = 0.9241795094807943
Dice = 0.820427874491477
Jaccars = 0.7305089722506007