Sensitivity = 0.8738640832782035
Specificity = 0.9069948417588842
Accuracy = 0.905281300447425
Dice = 0.7129724919647692
Jaccars = 0.5994028945737999