Score = 0.35383397865446936
Sensitivity = 0.8930506801524436
Specificity = 0.8981713393272979
Accuracy = 0.8985607380769691
Dice = 0.6930499153149109
Jaccars = 0.571542638920374