Sensitivity = 0.8716171613390139
Specificity = 0.980415039894048
Accuracy = 0.9678520669742506
Dice = 0.8362492820672055
Jaccars = 0.7419977584931396