Score = 0.6174323686717329
Sensitivity = 0.8900894580804027
Specificity = 0.9762409166758174
Accuracy = 0.9655194185218032
Dice = 0.8298159716108354
Jaccars = 0.7306240770866961