Sensitivity = 0.8464888875409979
Specificity = 0.9804023363524385
Accuracy = 0.9661829422931282
Dice = 0.8266374978180858
Jaccars = 0.7298221320720535