Score = 0.6019891229468358
Sensitivity = 0.8766284797611003
Specificity = 0.9757886677158989
Accuracy = 0.9639351513920998
Dice = 0.8257256083494652
Jaccars = 0.7247915144009652