Sensitivity = 0.7321370692475212
Specificity = 0.9390747240339724
Accuracy = 0.915066232486647
Dice = 0.6381444340325129
Jaccars = 0.5371320851882743