Score = 0.32703299983025835
Sensitivity = 0.7578784037761992
Specificity = 0.928819791184388
Accuracy = 0.9080085754394531
Dice = 0.6303839028828923
Jaccars = 0.5212749255655817