Sensitivity = 0.8817890593553874
Specificity = 0.9779792758493016
Accuracy = 0.965572045773876
Dice = 0.8282837779860764
Jaccars = 0.731879584975502