Score = 0.5894926571502319
Sensitivity = 0.898086443564557
Specificity = 0.9737447297166754
Accuracy = 0.9631260463169643
Dice = 0.8193236897381774
Jaccars = 0.718341673217742