Sensitivity = 0.8133672921089431
Specificity = 0.9052629005070425
Accuracy = 0.8975970988370934
Dice = 0.6865031607502368
Jaccars = 0.577574569639811