Sensitivity = 0.8373594690456149
Specificity = 0.8992728474111972
Accuracy = 0.892687972711057
Dice = 0.6653804767282621
Jaccars = 0.5538277087124485