Sensitivity = 0.8885775181656835
Specificity = 0.9774751045761122
Accuracy = 0.9665570940290179
Dice = 0.8365471608158795
Jaccars = 0.7408840318239976