Score = 0.614046981436303
Sensitivity = 0.9088190333603526
Specificity = 0.972156575803327
Accuracy = 0.9634241376604352
Dice = 0.824294613901627
Jaccars = 0.7225872562416448