Sensitivity = 0.8875385243656098
Specificity = 0.9765846052398294
Accuracy = 0.9653809216557717
Dice = 0.8332445294051971
Jaccars = 0.7362187787797395