Score = 0.5953952715668512
Sensitivity = 0.9047902070575626
Specificity = 0.9715691085127479
Accuracy = 0.9622033566844707
Dice = 0.8229135647354036
Jaccars = 0.7208559602736561