Sensitivity = 0.8081978132275214
Specificity = 0.9189472602457174
Accuracy = 0.908293120715083
Dice = 0.6892410800781552
Jaccars = 0.5793305997568068