Score = 0.37769072059092884
Sensitivity = 0.8291951228788724
Specificity = 0.9136247311640904
Accuracy = 0.9050897092235332
Dice = 0.6824460450659359
Jaccars = 0.5668572618720195