Sensitivity = 0.8121807705924461
Specificity = 0.9648224210310461
Accuracy = 0.9301051584879557
Dice = 0.834888853903962
Jaccars = 0.7505482158324344