Score = 0.6534817211188493
Sensitivity = 0.8322556715503743
Specificity = 0.9632134665121457
Accuracy = 0.9298563639322917
Dice = 0.8394015173548863
Jaccars = 0.7530821484056944