Sensitivity = 0.8104405487308302
Specificity = 0.9838866161710003
Accuracy = 0.9655113998724489
Dice = 0.8184105689341014
Jaccars = 0.719760523983778