Score = 0.5630334519408842
Sensitivity = 0.8394625112997472
Specificity = 0.9803282185431238
Accuracy = 0.9640938116579639
Dice = 0.8218073321038712
Jaccars = 0.7194897422788166