Sensitivity = 0.8635060091659881
Specificity = 0.9802272615297151
Accuracy = 0.9671193336953923
Dice = 0.8349949249481267
Jaccars = 0.7395029975858057