Score = 0.6214476911679431
Sensitivity = 0.8847753564315581
Specificity = 0.9756786446312886
Accuracy = 0.9645786674655213
Dice = 0.8276447704573927
Jaccars = 0.7265654788987319