Sensitivity = 0.8864957647792948
Specificity = 0.9795839307669099
Accuracy = 0.9678698169941805
Dice = 0.8391842057277251
Jaccars = 0.7438641939853289