Score = 0.6080667150433147
Sensitivity = 0.90530159827032
Specificity = 0.9745911350883696
Accuracy = 0.9648298925283004
Dice = 0.8263422196223339
Jaccars = 0.7257183292477647