Sensitivity = 0.8289641053044685
Specificity = 0.96248848093423
Accuracy = 0.9289603932698568
Dice = 0.8394506655189308
Jaccars = 0.7551189476723608