Score = 0.6500478571327958
Sensitivity = 0.8480839912910831
Specificity = 0.9591747350604114
Accuracy = 0.927973887125651
Dice = 0.839896514543648
Jaccars = 0.753409310379043