Sensitivity = 0.7994119927771687
Specificity = 0.9705331042715507
Accuracy = 0.9227985636393229
Dice = 0.8211058423888292
Jaccars = 0.7337710601633218