Score = 0.621438483709954
Sensitivity = 0.8177097670600053
Specificity = 0.9678083783974275
Accuracy = 0.9221232096354167
Dice = 0.820814668674816
Jaccars = 0.731298944329161