Score = 0.3269238581958618
Sensitivity = 0.8320374293343114
Specificity = 0.8989516994755167
Accuracy = 0.8910341068189971
Dice = 0.6501788217724841
Jaccars = 0.533326298249213