Sensitivity = 0.9529741607748059
Specificity = 0.7893498416267549
Accuracy = 0.8004293636399873
Dice = 0.506092229191979
Jaccars = 0.380616035023002