Score = 0.08871776520173728
Sensitivity = 0.9517541523722249
Specificity = 0.773088469789932
Accuracy = 0.7856116002919723
Dice = 0.4797078891043098
Jaccars = 0.3507286010398801