Sensitivity = 0.8447918951028348
Specificity = 0.9775402687032574
Accuracy = 0.9620136338837293
Dice = 0.8037029050560426
Jaccars = 0.7020667708634591