Score = 0.5347879776747433
Sensitivity = 0.8745328135148084
Specificity = 0.97181139596343
Accuracy = 0.9589097937759088
Dice = 0.798446284260163
Jaccars = 0.6895281976284338