Sensitivity = 0.8084373495437156
Specificity = 0.9649872275144978
Accuracy = 0.9233697764078777
Dice = 0.8249513731186283
Jaccars = 0.740538095575998