Score = 0.6392731423960037
Sensitivity = 0.8300844291007043
Specificity = 0.962098911351723
Accuracy = 0.9225708770751954
Dice = 0.8278738700643953
Jaccars = 0.739822748109043