Sensitivity = 0.8513706734893189
Specificity = 0.9765728427397325
Accuracy = 0.9651452667859136
Dice = 0.8212563311748006
Jaccars = 0.7237795684410762