Score = 0.5803002513174972
Sensitivity = 0.8809278778294407
Specificity = 0.9705032217916071
Accuracy = 0.9615863099390146
Dice = 0.8158761303077573
Jaccars = 0.7128601338099743