Sensitivity = 0.7992137892475114
Specificity = 0.9677893336774824
Accuracy = 0.9230246734619141
Dice = 0.8202291342057357
Jaccars = 0.7337365123548436