Score = 0.6294993903228424
Sensitivity = 0.8161648666194506
Specificity = 0.9652074251741817
Accuracy = 0.922627690633138
Dice = 0.8242627607169779
Jaccars = 0.7356842542214197