Sensitivity = 0.7834630480753652
Specificity = 0.9222592790965356
Accuracy = 0.9046527317592076
Dice = 0.6557007274601316
Jaccars = 0.5520459315572159