Score = 0.3603935901522985
Sensitivity = 0.8090409552274271
Specificity = 0.914688162929069
Accuracy = 0.8998511956662548
Dice = 0.6517595595743301
Jaccars = 0.5399993519294755