Sensitivity = 0.8127562053008015
Specificity = 0.9799451115245696
Accuracy = 0.9626490534568319
Dice = 0.8008335751639157
Jaccars = 0.7002437328298076