Score = 0.5531669932836687
Sensitivity = 0.8513871257552103
Specificity = 0.9737025200342895
Accuracy = 0.9597902881855868
Dice = 0.8026402001432491
Jaccars = 0.6980136634199379