Sensitivity = 0.8426287605835494
Specificity = 0.9092030178459244
Accuracy = 0.9046196450992506
Dice = 0.6994945964607724
Jaccars = 0.5906163124916929