Score = 0.38824893958247
Sensitivity = 0.8594927858878448
Specificity = 0.9001552108512254
Accuracy = 0.8978483238998725
Dice = 0.6845880911892802
Jaccars = 0.5705374541605691