Sensitivity = 0.765870461869298
Specificity = 0.9685860439974374
Accuracy = 0.9232255554199219
Dice = 0.8059957463870889
Jaccars = 0.7112281922120157