Score = 0.6311050697273528
Sensitivity = 0.8094767008437284
Specificity = 0.9690873781489423
Accuracy = 0.9246633656819662
Dice = 0.828002684372966
Jaccars = 0.7390804909473054