Sensitivity = 0.865486887171346
Specificity = 0.8906819933825127
Accuracy = 0.8884778703962054
Dice = 0.6980318043133754
Jaccars = 0.5853515641285743