Score = 0.35130577119967255
Sensitivity = 0.8821702772689777
Specificity = 0.8831647992978365
Accuracy = 0.8831119926608338
Dice = 0.677166851978791
Jaccars = 0.5583800546587728