Sensitivity = 0.8828491543128926
Specificity = 0.9750115024942191
Accuracy = 0.9631491680534519
Dice = 0.8169264648540989
Jaccars = 0.7146197909300246