Score = 0.5334768422683462
Sensitivity = 0.8985722990575493
Specificity = 0.9694106448153927
Accuracy = 0.9594319401955118
Dice = 0.8026072804849734
Jaccars = 0.6938523230332071