Sensitivity = 0.8309418702042839
Specificity = 0.8818320366909518
Accuracy = 0.8766753527582908
Dice = 0.6585732004258419
Jaccars = 0.5471933576940425