Score = 0.3354602984022655
Sensitivity = 0.8492784043282264
Specificity = 0.8753976511050614
Accuracy = 0.872479652871891
Dice = 0.6436765580378305
Jaccars = 0.5265372173998409