Sensitivity = 0.8048461735354039
Specificity = 0.8820981118046541
Accuracy = 0.8778747247189892
Dice = 0.6548169675882902
Jaccars = 0.5472211338367873