Sensitivity = 0.7989210820745859
Specificity = 0.9063570430064426
Accuracy = 0.8985233696139588
Dice = 0.674686817858463
Jaccars = 0.5654369667606606