Sensitivity = 0.8996762983550561
Specificity = 0.9724331158471107
Accuracy = 0.9648113639987245
Dice = 0.8291098963570634
Jaccars = 0.7334100177717816