Score = 0.6032659128084721
Sensitivity = 0.9177839872296182
Specificity = 0.9661700882224973
Accuracy = 0.9605894283372529
Dice = 0.8156943709983547
Jaccars = 0.7123379717142746