Score = 0.33711410190392777
Sensitivity = 0.7314064442802594
Specificity = 0.9459370542168197
Accuracy = 0.9200806131168288
Dice = 0.653766848437309
Jaccars = 0.5396633749155859