Sensitivity = 0.8711147414643279
Specificity = 0.9790653767196009
Accuracy = 0.9664591575155452
Dice = 0.8318799597063435
Jaccars = 0.7326288307389647