Score = 0.5772215059865873
Sensitivity = 0.8911179641235569
Specificity = 0.9741304112425174
Accuracy = 0.963615183927575
Dice = 0.8222653773699965
Jaccars = 0.7177894214101878