Sensitivity = 0.8517642222949068
Specificity = 0.9825801442105809
Accuracy = 0.9672101079201212
Dice = 0.8290199190387922
Jaccars = 0.7305346469143398