Score = 0.5806593608156072
Sensitivity = 0.8742009001130222
Specificity = 0.9770111887261804
Accuracy = 0.9638810449716996
Dice = 0.8160450831956083
Jaccars = 0.7106627252857586