Sensitivity = 0.8420801787596509
Specificity = 0.8726790765079931
Accuracy = 0.8707185083506058
Dice = 0.6723123272346014
Jaccars = 0.5633546659859372