Sensitivity = 0.8986137875803863
Specificity = 0.9730683871076053
Accuracy = 0.9653414512167171
Dice = 0.8283904600589294
Jaccars = 0.7300681004191868