Score = 0.5656499231483035
Sensitivity = 0.9183394034369962
Specificity = 0.9670901736596165
Accuracy = 0.9614231343172035
Dice = 0.8163297362274528
Jaccars = 0.7120643301387366