Sensitivity = 0.8225725209921427
Specificity = 0.9801840893344921
Accuracy = 0.9644418833207111
Dice = 0.8013553659786805
Jaccars = 0.6982081312416619