Score = 0.5686406902724397
Sensitivity = 0.8786978138189074
Specificity = 0.9756654312683825
Accuracy = 0.963541147660236
Dice = 0.8209216125359782
Jaccars = 0.7169442265067003