Sensitivity = 0.8105160471960658
Specificity = 0.9698566474044404
Accuracy = 0.9314968109130859
Dice = 0.8389990961020539
Jaccars = 0.7529472829217021