Score = 0.660030931134253
Sensitivity = 0.8291171916763724
Specificity = 0.9684674871624149
Accuracy = 0.931726811726888
Dice = 0.8445547449464698
Jaccars = 0.7581308173200841