Sensitivity = 0.8337547124315441
Specificity = 0.8440565302595588
Accuracy = 0.8452268327985492
Dice = 0.6263254472870989
Jaccars = 0.5150966042386544