Score = 0.2885830776693308
Sensitivity = 0.8527077701253178
Specificity = 0.8393825190716429
Accuracy = 0.8422264566226881
Dice = 0.6156901894998902
Jaccars = 0.49799383341439124