Sensitivity = 0.8629679046498828
Specificity = 0.9773011425516651
Accuracy = 0.9654024863729671
Dice = 0.8261396611554599
Jaccars = 0.7261940040664068