Score = 0.5875455937903578
Sensitivity = 0.8853630965136055
Specificity = 0.9720157854025254
Accuracy = 0.962415734115912
Dice = 0.8173131940418576
Jaccars = 0.7122237039041901