Sensitivity = 0.7516160739570623
Specificity = 0.9795138464585159
Accuracy = 0.9219888051350912
Dice = 0.8049766742143398
Jaccars = 0.713377690565573