Score = 0.608167842438127
Sensitivity = 0.7726008355897541
Specificity = 0.9782100165056125
Accuracy = 0.9228073883056641
Dice = 0.8163210568307312
Jaccars = 0.7247560773557915