Sensitivity = 0.8883215323235697
Specificity = 0.973508300469381
Accuracy = 0.9634743515326052
Dice = 0.8178914793948849
Jaccars = 0.7173112074830977