Score = 0.5502179177950784
Sensitivity = 0.9072566764511268
Specificity = 0.9668883002080275
Accuracy = 0.9591769782864318
Dice = 0.8022475437164862
Jaccars = 0.6951426109484192