Sensitivity = 0.8618790522282856
Specificity = 0.9762951729430805
Accuracy = 0.9642091089365433
Dice = 0.8245370056598776
Jaccars = 0.7249748090357321