Score = 0.5823523211875165
Sensitivity = 0.886653492399847
Specificity = 0.9716421660385901
Accuracy = 0.9615627210967395
Dice = 0.8192517275273674
Jaccars = 0.7143272375056066