Sensitivity = 0.868050785166831
Specificity = 0.9812499695701125
Accuracy = 0.9672955104282924
Dice = 0.8292465228633906
Jaccars = 0.736020151080981