Score = 0.6153207687377402
Sensitivity = 0.8871770012518297
Specificity = 0.9764017700147718
Accuracy = 0.9643989095882494
Dice = 0.8189710545138179
Jaccars = 0.7198850601859609