Sensitivity = 0.7069218319706144
Specificity = 0.9386569809446619
Accuracy = 0.9049554163095902
Dice = 0.5902085672201887
Jaccars = 0.4735108844875543