Score = 0.1760095939964691
Sensitivity = 0.7270943439948605
Specificity = 0.9256097129812522
Accuracy = 0.8957848840830277
Dice = 0.5791588298822777
Jaccars = 0.4504351318647215