Sensitivity = 0.8569057492072986
Specificity = 0.8701255752683347
Accuracy = 0.8713919970454002
Dice = 0.6703489179816174
Jaccars = 0.5574811248453849