Sensitivity = 0.8462358750013971
Specificity = 0.8898007592750692
Accuracy = 0.8894103692502392
Dice = 0.6812849362185806
Jaccars = 0.571727733870487