Score = 0.33733103634077605
Sensitivity = 0.8652246067786724
Specificity = 0.8826650846387962
Accuracy = 0.8842894106495137
Dice = 0.6675661947206082
Jaccars = 0.548922117684245