Sensitivity = 0.7794739592865515
Specificity = 0.9791124765437551
Accuracy = 0.9185907745361328
Dice = 0.8158374828876374
Jaccars = 0.7286105856595357