Score = 0.6243197933518435
Sensitivity = 0.7983461779754123
Specificity = 0.9768195762124166
Accuracy = 0.9184926350911459
Dice = 0.8197078437830777
Jaccars = 0.7309227646855757