Sensitivity = 0.8219721668480408
Specificity = 0.9808676488912653
Accuracy = 0.9631783621651786
Dice = 0.8064110297697464
Jaccars = 0.7026167861703191