Score = 0.5608642247775429
Sensitivity = 0.8444912218589881
Specificity = 0.9779361688462126
Accuracy = 0.962025700783243
Dice = 0.8093052921728688
Jaccars = 0.7032596566222764