Sensitivity = 0.840275140406895
Specificity = 0.9817216382545341
Accuracy = 0.9659173926528619
Dice = 0.830865176728355
Jaccars = 0.7304193567741716