Score = 0.6016383256300404
Sensitivity = 0.888594147266514
Specificity = 0.9772251609037942
Accuracy = 0.9650136986557318
Dice = 0.835178621163333
Jaccars = 0.7341757790316432