Score = 0.3104375032708138
Sensitivity = 0.8746428789829676
Specificity = 0.8386362733954389
Accuracy = 0.8445700820611448
Dice = 0.6248057633898397
Jaccars = 0.5088398212344329