Sensitivity = 0.8514124257898856
Specificity = 0.9727029390006819
Accuracy = 0.9590943005620217
Dice = 0.7978252849600261
Jaccars = 0.6943714882917902