Score = 0.5117516491844125
Sensitivity = 0.8835844539984686
Specificity = 0.9654956481306121
Accuracy = 0.9549498266103317
Dice = 0.7915614980774406
Jaccars = 0.6802197011556667