Sensitivity = 0.7892977420691604
Specificity = 0.9755955707096626
Accuracy = 0.9180514272054037
Dice = 0.8188982534325054
Jaccars = 0.7321645292226937