Score = 0.6365436317344895
Sensitivity = 0.8096696717964721
Specificity = 0.9731959135015931
Accuracy = 0.9185302480061849
Dice = 0.8245332177403364
Jaccars = 0.7361893040529236