Sensitivity = 0.7769899369424134
Specificity = 0.9858435966611548
Accuracy = 0.9644797188895089
Dice = 0.7945925155712349
Jaccars = 0.6953195461669452