Score = 0.5936300108325173
Sensitivity = 0.8475307814019445
Specificity = 0.9815525761454087
Accuracy = 0.9652994895467952
Dice = 0.8255171550220239
Jaccars = 0.7251496031872112