Sensitivity = 0.7458412235201768
Specificity = 0.901298509766895
Accuracy = 0.8894035962163186
Dice = 0.6188459126681294
Jaccars = 0.5138164995108688