Score = 0.3363649548964469
Sensitivity = 0.8168240211425898
Specificity = 0.8959107834988861
Accuracy = 0.8881025508958467
Dice = 0.6551485348362804
Jaccars = 0.5399113433168549