Sensitivity = 0.8697632734361085
Specificity = 0.9783135699949373
Accuracy = 0.966448569784359
Dice = 0.8317781585561677
Jaccars = 0.7367500298495402