Score = 0.6032441134475683
Sensitivity = 0.8893881109369477
Specificity = 0.9737433359146721
Accuracy = 0.9637822520976164
Dice = 0.8245704490256391
Jaccars = 0.7255289308225127