Sensitivity = 0.8691445698599869
Specificity = 0.9731953853190328
Accuracy = 0.9626471071827168
Dice = 0.820884704903502
Jaccars = 0.7189705040258033