Score = 0.5814567573747619
Sensitivity = 0.9124805905774985
Specificity = 0.966889250260741
Accuracy = 0.9598023550851005
Dice = 0.8130077911076906
Jaccars = 0.7069810924428354