Sensitivity = 0.8538330812794966
Specificity = 0.9816690547208714
Accuracy = 0.9677057850117586
Dice = 0.8323465670791781
Jaccars = 0.7392019505131355