Score = 0.6263989914477109
Sensitivity = 0.8752182273621703
Specificity = 0.9782748550440928
Accuracy = 0.9659848115882095
Dice = 0.8314450312501463
Jaccars = 0.7348831434931763