Sensitivity = 0.8962181641800845
Specificity = 0.9751573242938196
Accuracy = 0.9667025196308993
Dice = 0.84135329723575
Jaccars = 0.7499682040539339