Score = 0.6394985600199
Sensitivity = 0.9153874981001305
Specificity = 0.9702092377652064
Accuracy = 0.9638163508201132
Dice = 0.8314217370300157
Jaccars = 0.7346801607336862