Sensitivity = 0.8859893618379296
Specificity = 0.977019191745239
Accuracy = 0.9659145900181362
Dice = 0.834242777088558
Jaccars = 0.736140934328418