Score = 0.5963508623514161
Sensitivity = 0.9079042975776497
Specificity = 0.9716074745865955
Accuracy = 0.9628175229442363
Dice = 0.8214624367888916
Jaccars = 0.7160268214329862