Sensitivity = 0.8189542715997411
Specificity = 0.9831352208854826
Accuracy = 0.9632805026307398
Dice = 0.8055670632657572
Jaccars = 0.7019735553090944