Score = 0.5338715734675404
Sensitivity = 0.8440469468291998
Specificity = 0.9788398150339173
Accuracy = 0.96135882942044
Dice = 0.8044546911496875
Jaccars = 0.6962236306700755