Sensitivity = 0.7937767569057852
Specificity = 0.9694550191546343
Accuracy = 0.9256094106038412
Dice = 0.8202746384738524
Jaccars = 0.7318953978346211