Score = 0.6277383584424989
Sensitivity = 0.813038984055668
Specificity = 0.9669364616927624
Accuracy = 0.9250772349039713
Dice = 0.8247127227799602
Jaccars = 0.7347266755063432