Sensitivity = 0.8273500460900763
Specificity = 0.979276389749963
Accuracy = 0.9677302302146444
Dice = 0.8166650527938895
Jaccars = 0.7215745658436069