Score = 0.6160209741929855
Sensitivity = 0.8910982458437156
Specificity = 0.9738121899399295
Accuracy = 0.9662548765844229
Dice = 0.8351994815888493
Jaccars = 0.736756734818163