Sensitivity = 0.8005991126628534
Specificity = 0.9719987384672165
Accuracy = 0.926318842569987
Dice = 0.827120818481812
Jaccars = 0.7390040334404392