Score = 0.6370215151610567
Sensitivity = 0.8180224692606912
Specificity = 0.9702568047017426
Accuracy = 0.9264987945556641
Dice = 0.8315209863892931
Jaccars = 0.7426892324457985