Sensitivity = 0.8016926710940657
Specificity = 0.8786611316349026
Accuracy = 0.8694308533960459
Dice = 0.6368375833638006
Jaccars = 0.5325989587601265