Score = 0.3407956212834677
Sensitivity = 0.8238344344644075
Specificity = 0.8740813062920495
Accuracy = 0.8669924833336655
Dice = 0.6314417841414391
Jaccars = 0.5210436355099971