Sensitivity = 0.6415561460943862
Specificity = 0.9860713717325671
Accuracy = 0.9355225854990433
Dice = 0.6168183352025643
Jaccars = 0.5071886870861311