Sensitivity = 0.876642076848007
Specificity = 0.9339360891160093
Accuracy = 0.9153433040696748
Dice = 0.6282404090672781
Jaccars = 0.4973292024602256