Score = 0.1323250027511746
Sensitivity = 0.8912228042441286
Specificity = 0.9068651160041963
Accuracy = 0.892293424022441
Dice = 0.5771342747653415
Jaccars = 0.4381718895208648