Score = 0.21760077940945283
Sensitivity = 0.6912548455004323
Specificity = 0.9751901287425535
Accuracy = 0.9296358069595025
Dice = 0.60551249401519
Jaccars = 0.4801019097432604