Sensitivity = 0.6638042757110333
Specificity = 0.9331308584856155
Accuracy = 0.9043694320990114
Dice = 0.5763551076864557
Jaccars = 0.4866474654562975