Sensitivity = 0.7734646583548005
Specificity = 0.8939023967092411
Accuracy = 0.8875846084283323
Dice = 0.6356291358044898
Jaccars = 0.5297681103794614