Sensitivity = 0.8430067620678354
Specificity = 0.9803083855876802
Accuracy = 0.9661474422532685
Dice = 0.8274909674659237
Jaccars = 0.7279603797989725