Score = 0.6214273545835577
Sensitivity = 0.8883690435916242
Specificity = 0.9762718324869581
Accuracy = 0.9653931442572146
Dice = 0.8337941947714054
Jaccars = 0.7357632912391823