Sensitivity = 0.8102109995032489
Specificity = 0.9691096733020151
Accuracy = 0.9276942698160807
Dice = 0.8334723856914179
Jaccars = 0.7484703884800342