Score = 0.6516136736460385
Sensitivity = 0.8275934948388526
Specificity = 0.9666630946675302
Accuracy = 0.9270429992675782
Dice = 0.8347653200892997
Jaccars = 0.7467266400158323