Sensitivity = 0.8518843953964373
Specificity = 0.9748193433961595
Accuracy = 0.9626346510283801
Dice = 0.8080006055742517
Jaccars = 0.70538755972018