Score = 0.584852697364602
Sensitivity = 0.8994783670245521
Specificity = 0.9687915004915397
Accuracy = 0.9603037931481186
Dice = 0.8140045331810263
Jaccars = 0.7126127890618628