Sensitivity = 0.8664020863216293
Specificity = 0.9765049072726182
Accuracy = 0.9639557040467555
Dice = 0.826135474711251
Jaccars = 0.7285800355972631