Score = 0.6097902790645323
Sensitivity = 0.9062182746630403
Specificity = 0.9714629464039604
Accuracy = 0.962202111069037
Dice = 0.8281388230957676
Jaccars = 0.7287272595937503