Score = 0.380073823440686
Sensitivity = 0.8354989594589275
Specificity = 0.8998162924267837
Accuracy = 0.8943950886629066
Dice = 0.6813865326412093
Jaccars = 0.5660705939739262