Sensitivity = 0.8910185748543165
Specificity = 0.9737725218674663
Accuracy = 0.9638368256238042
Dice = 0.8271684031563002
Jaccars = 0.7297371003488553