Score = 0.5841235983529819
Sensitivity = 0.9104651179701879
Specificity = 0.9683744925776997
Accuracy = 0.9605290938396843
Dice = 0.8174412734630039
Jaccars = 0.7153011977689487