Sensitivity = 0.8680797806298741
Specificity = 0.9720704230922191
Accuracy = 0.9607674734933036
Dice = 0.8139982298876381
Jaccars = 0.7135325411336926