Score = 0.5663158315822739
Sensitivity = 0.9029398318678644
Specificity = 0.9665236227610311
Accuracy = 0.9580878432916136
Dice = 0.8074374227766971
Jaccars = 0.702274330529327