Sensitivity = 0.8460255080867715
Specificity = 0.9805791595006339
Accuracy = 0.9657986699318399
Dice = 0.8260569080928096
Jaccars = 0.7320676102428229