Score = 0.6216562253916169
Sensitivity = 0.8734034097851318
Specificity = 0.9756745111764177
Accuracy = 0.9634082560636559
Dice = 0.8239420522946064
Jaccars = 0.7256860625504411