Sensitivity = 0.8715627505110951
Specificity = 0.9775739667361804
Accuracy = 0.9672240432427854
Dice = 0.8375014666049302
Jaccars = 0.743714993619704