Score = 0.6061754344220851
Sensitivity = 0.8960960379880294
Specificity = 0.9723342295196503
Accuracy = 0.9640045166015625
Dice = 0.8301682178735853
Jaccars = 0.7296456948531173