Sensitivity = 0.8060440469124113
Specificity = 0.9810234089751684
Accuracy = 0.9640310637804926
Dice = 0.8043777693201339
Jaccars = 0.7051411896062239