Score = 0.5954081348732929
Sensitivity = 0.8641810686474178
Specificity = 0.9758183808327221
Accuracy = 0.9629938553790657
Dice = 0.8185810631909218
Jaccars = 0.7176734688825653