Sensitivity = 0.8365016491828959
Specificity = 0.9626797537745836
Accuracy = 0.9290676116943359
Dice = 0.8430100356298279
Jaccars = 0.7599663914243422