Score = 0.6679001521975
Sensitivity = 0.8545070181508796
Specificity = 0.9603495301672983
Accuracy = 0.9288577016194661
Dice = 0.8436944921351882
Jaccars = 0.7582422074709183