Sensitivity = 0.7897155246311491
Specificity = 0.9729913873747073
Accuracy = 0.9232439168294271
Dice = 0.8220009554237633
Jaccars = 0.7355369604783759