Score = 0.6520683042411716
Sensitivity = 0.8108513796925391
Specificity = 0.9715048696996098
Accuracy = 0.9239275360107422
Dice = 0.8290091575562318
Jaccars = 0.7429586110404836