Sensitivity = 0.8240257968437665
Specificity = 0.9118849094069987
Accuracy = 0.9059720720563617
Dice = 0.6773526019026609
Jaccars = 0.5605436564630722