Sensitivity = 0.8137162266562352
Specificity = 0.9065688657053765
Accuracy = 0.8962832081074618
Dice = 0.6628518819899396
Jaccars = 0.5551850915981065