Sensitivity = 0.8131078368543977
Specificity = 0.926299757801886
Accuracy = 0.9139305426149952
Dice = 0.6956816414964896
Jaccars = 0.5866035864032534