Score = 0.37661588456094053
Sensitivity = 0.834965549812696
Specificity = 0.9186078132871599
Accuracy = 0.9090073254643655
Dice = 0.6877747796297528
Jaccars = 0.5713434640547703