Score = 0.3081124616156311
Sensitivity = 0.8103391957780652
Specificity = 0.9003762508425248
Accuracy = 0.8920143283143336
Dice = 0.6316122172850613
Jaccars = 0.5157476673131215