Score = 0.3544090653575268
Sensitivity = 0.8641965887685161
Specificity = 0.8701642403711483
Accuracy = 0.8700710997289541
Dice = 0.6655061706087491
Jaccars = 0.5498535143354019