Score = 0.35673090000910573
Sensitivity = 0.8503830102575649
Specificity = 0.8715356367471726
Accuracy = 0.8717612441705198
Dice = 0.6509678531962986
Jaccars = 0.5354830102903048