Sensitivity = 0.827178985015351
Specificity = 0.9819895316116583
Accuracy = 0.964949471609933
Dice = 0.817682742049428
Jaccars = 0.7220105429424091