Score = 0.5813630162969468
Sensitivity = 0.8570881058453684
Specificity = 0.978039505357806
Accuracy = 0.9634436004015864
Dice = 0.8228476917168169
Jaccars = 0.7233149820935053