Sensitivity = 0.8001871106178725
Specificity = 0.9737800931429399
Accuracy = 0.9291638437906901
Dice = 0.8312613487996748
Jaccars = 0.7461184040512892