Score = 0.6461201573058591
Sensitivity = 0.8208269369258886
Specificity = 0.9714876616480389
Accuracy = 0.9292160034179687
Dice = 0.8364634767573302
Jaccars = 0.7492690746227149