Sensitivity = 0.7618741377171167
Specificity = 0.9717690479955278
Accuracy = 0.920704828898112
Dice = 0.7972830561602775
Jaccars = 0.70889502503941