Score = 0.6057053544445905
Sensitivity = 0.7816042379060839
Specificity = 0.9701330870070877
Accuracy = 0.9209766133626303
Dice = 0.8060841638907877
Jaccars = 0.7149361038385034