Sensitivity = 0.8810104194973527
Specificity = 0.9726136767081455
Accuracy = 0.9623399851273517
Dice = 0.8189353698717791
Jaccars = 0.7185939566776416