Score = 0.5637756169052663
Sensitivity = 0.8965961207406845
Specificity = 0.9675833502432634
Accuracy = 0.9591295670489876
Dice = 0.8073910288282425
Jaccars = 0.7009086380493598