Sensitivity = 0.8293717967090016
Specificity = 0.980611881410051
Accuracy = 0.9646186050103636
Dice = 0.8125544058607109
Jaccars = 0.7166668513980783