Score = 0.587693642924574
Sensitivity = 0.8520818844400511
Specificity = 0.9770499691525679
Accuracy = 0.9628075580207669
Dice = 0.814347356783865
Jaccars = 0.7136465535084673