Sensitivity = 0.7821465145352372
Specificity = 0.9789027642213064
Accuracy = 0.9243564860026041
Dice = 0.8225433183334215
Jaccars = 0.7328191657899596