Score = 0.6274775843305057
Sensitivity = 0.802738176402075
Specificity = 0.9767181167036618
Accuracy = 0.9244817606608073
Dice = 0.8263225205553655
Jaccars = 0.7360855997157564