Sensitivity = 0.8120687589023073
Specificity = 0.9706641736734908
Accuracy = 0.9243418884277343
Dice = 0.8287404848825543
Jaccars = 0.742535697957661