Score = 0.6355523518415822
Sensitivity = 0.8307689808462414
Specificity = 0.9674710614419871
Accuracy = 0.9238005828857422
Dice = 0.8281438578013213
Jaccars = 0.7391667559438853