Sensitivity = 0.7864614285950353
Specificity = 0.9719009390754358
Accuracy = 0.9263293711344401
Dice = 0.8221759211616965
Jaccars = 0.7346795793271925