Score = 0.6456932131619344
Sensitivity = 0.8058005759164858
Specificity = 0.9710316604057181
Accuracy = 0.9270269012451172
Dice = 0.8312066246647163
Jaccars = 0.7424378415014481