Sensitivity = 0.8076184814939419
Specificity = 0.9708451048963191
Accuracy = 0.9287618001302084
Dice = 0.8333629629421212
Jaccars = 0.746094179670216