Score = 0.6468723194817828
Sensitivity = 0.8242142427592267
Specificity = 0.9685550122561424
Accuracy = 0.928418960571289
Dice = 0.8356857428364964
Jaccars = 0.747601756468164