Sensitivity = 0.7058851945270007
Specificity = 0.9534315780233352
Accuracy = 0.924912588936942
Dice = 0.6600327257392077
Jaccars = 0.5527373935718481