Sensitivity = 0.33882988986766077
Specificity = 0.9028358908568519
Accuracy = 0.8391692492426658
Dice = 0.2484087889601201
Jaccars = 0.1899117371853855