Score = 0.038735235755542996
Sensitivity = 0.374329173137536
Specificity = 0.9005806722182229
Accuracy = 0.8390238236407844
Dice = 0.2851273149549387
Jaccars = 0.19994899385739068