Score = 0.3358801206429538
Sensitivity = 0.8711597208445805
Specificity = 0.864910563302879
Accuracy = 0.8672428520358338
Dice = 0.6569151568802202
Jaccars = 0.5401692678534837