Score = 0.3429764816344088
Sensitivity = 0.810107683506473
Specificity = 0.8824521256433783
Accuracy = 0.8746954470264668
Dice = 0.640520275473842
Jaccars = 0.531693438475682