Sensitivity = 0.8608138492549676
Specificity = 0.9770562905690843
Accuracy = 0.9635520467952806
Dice = 0.8178289142865038
Jaccars = 0.7144771665151065