Score = 0.5667769460832206
Sensitivity = 0.8798593792034054
Specificity = 0.9724040884660743
Accuracy = 0.9606658779844945
Dice = 0.8123952625302748
Jaccars = 0.7055477820840327