Score = 0.3318425571545001
Sensitivity = 0.741275564563101
Specificity = 0.9260906771287465
Accuracy = 0.9035693577357701
Dice = 0.6225059227699896
Jaccars = 0.5156555491453636